1000110342
703802
10257904
10109017
187668
1000110381
187670
1000110402
1000110404
10257914
1000110405
10257922
187677
10109036
187680
10109039
1000110482
52112
875533
10257934
632133
1000110561
52120
52121
187693
1000110604
1000110621
187701
632162
10109063
632168
10257966
119174
52137
1000110664
187712
1000110701
119183
875578
875592
1000110804
52196
875593
632191
10257999
187750
10109101
875603
632195
10258001
10109102
10109104
10258009
52258
1000110923
632207
1000110961
10258024
632210
703907
875635
703908
10258042
10109126
1000110991
10109127
52278
772619
703914
10109132
10258082
875657
632241
187839
119269
772633
10109142
52299
703932
875665
10109149
703936
10109152
52306
10258148
703940
1000111043
1000111045
703943
1000111047
772655
10109164
10109165
875689
52320
703953
772662
187909
875700
1000111067
772670
119307
1000111070
1000111073
1000111121
52339
187922
1000111141
52340
1000111181
703976
119323
1000111241
703978
875726
52348
10109199
1000111301
10258249
875737
772696
1000111322
52357
187944
875747
10258269
703995
10109227
187954
10109228
10258291
1000111502
772721
1000111505
772726
10258314
52388
52389
10258326
1000111526
10258337
10258342
10109259
10109262
1000111561
10258352
772744
1000111642
1000111643
10109272
632524
10109285
1000111701
187996
704082
188001
10258381
704085
875916
52429
1000111802
632539
1000111803
10258419
119423
10109318
188028
52450
772795
188030
1000111924
1000111944
632569
1000111946
10258464
875951
10258476
1000111963
10258479
52472
188053
1000111983
10258494
10109365
875972
10258507
772816
875977
10258528
875987
632597
1000112161
10258531
1000112181
772825
10258534
52495
1000112302
188079
188081
119485
10258571
119488
10258572
772845
1000112446
188093
876034
10109436
1000112452
632625
1000112461
10109438
632626
1000112467
188103
1000112468
772862
704178
188111
632640
1000112501
119518
632645
1000112521
10258761
188119
772876
1000112544
10258771
876110
52551
188129
10109496
10258776
1000112561
10258779
704208
119542
1000112625
876138
632693
1000112681
1000112682
10109527
704219
1000112702
632702
52578
10258809
876170
188167
1000112803
10109551
1000112822
1000112825
632716
52588
1000112826
704239
632719
10258820
10109561
188177
52595
119587
1000112834
10109571
10109573
119591
188184
119600
772956
10109587
1000112887
1000112891
876254
1000112893
876257
52626
1000112902
10258856
1000112922
704290
876263
119615
10109610
10109617
1000112930
119625
10258876
1000112941
1000112942
119629
876300
188289
1000113121
188290
10109639
10258898
876334
704337
1000113243
773013
773014
10109660
1000113302
876365
10258923
10258924
10258929
10109680
10258930
52697
876401
773037
188328
10258948
1000113481
1000113521
10258951
1000113601
188362
773054
52716
1000113621
10258968
876452
1000113622
10258977
1000113661
10109714
704472
10109716
119724
10109723
632867
773067
1000113842
52753
1000113921
119744
188437
188438
1000114061
1000114062
10109776
119755
10109777
119756
773097
10259101
632904
119762
632905
10109790
10259109
704519
10109803
773107
188480
10259121
1000114109
188483
10259159
119777
52793
773117
876647
704543
773121
1000114149
52803
10109874
1000114151
632947
876656
10259186
10109900
10259187
1000114163
119794
632979
10259197
52817
1000114262
704562
119800
10110084
1000114401
10110086
52827
10259217
10110124
1000114501
633038
1000114561
1000114621
10110144
633046
876705
119836
10110163
10259245
1000114661
1000114681
52845
876711
52846
876715
10259260
1000114707
773186
188651
876725
188655
119873
773196
1000114764
876757
119880
704622
876762
704623
119885
1000114841
876768
119891
773214
10259302
704638
1000114981
10110290
876785
1000115023
633158
704651
773226
1000115081
10259316
633163
1000115122
773233
188728
10110335
10259337
1000115141
119921
876845
773245
704678
188762
119930
773252
876852
188769
10110359
1000115182
773255
10110360
1000115183
876866
1000115184
119946
704694
876870
1000115228
633325
773260
119954
10110379
1000115341
119958
1000115362
10110382
1000115381
10110384
1000115421
10259393
773285
53004
119968
10110391
773286
10110392
1000115483
876901
773292
10259408
1000115561
704731
773295
119982
10259417
773299
1000115624
53024
188829
1000115662
704746
704747
1000115702
10110419
1000115704
773313
10110422
773318
10110428
876963
1000115764
53041
876966
10259462
1000115767
876967
633391
1000115801
876973
120021
10110437
1000115841
10259471
120022
188860
704770
773341
10259489
704774
10110445
704776
120039
877006
10259505
1000116061
1000116081
120047
10259525
1000116161
1000116181
120057
1000116224
633430
10259559
120066
188929
633434
704813
10259589
773376
10110543
1000116401
633441
10259611
1000116462
10259614
10259631
1000116501
120083
10259632
10259633
10259645
1000116543
10259649
120091
10110573
10259656
1000116547
10259659
10259661
877118
10259664
10110591
877124
10259669
53132
188984
53133
1000116623
10259678
633482
53142
1000116643
704868
10259681
10110616
704869
10259683
189007
10110644
10110662
10259708
53160
189012
704887
189016
120146
1000116724
10259719
773494
1000116726
633513
10110686
120153
10110710
704906
877215
10259732
10110724
189034
10110740
877224
1000116803
1000116807
1000116824
633534
1000116826
633538
10259759
120188
633543
773523
1000116848
704939
10110794
633545
633546
773527
10110797
633547
877282
120201
10110810
704948
53225
10110817
189089
10259794
1000116943
633562
704959
1000116944
189096
10110835
53232
10110841
1000116950
120250
120251
1000116982
10110855
1000116983
773577
1000117003
10259825
10259826
120262
10259827
1000117008
633606
1000117011
10259851
10110885
1000117026
53298
10259857
120280
10110888
877379
633699
189145
189146
1000117107
705018
877411
1000117122
10259912
1000117123
773624
10259913
53360
633714
53362
877458
10259917
633716
1000117165
189181
10259945
633720
189182
10259946
1000117201
10110950
10259957
633725
1000117203
53378
189190
53379
773655
10259965
773660
53386
10259978
633741
1000117263
10110984
10259994
1000117302
773678
705087
53406
1000117403
10260006
1000117407
189237
633753
189238
10111016
53417
1000117601
10260024
1000117621
877554
10260040
773702
877562
1000117645
633824
1000117661
10260043
120409
10260050
1000117702
773720
1000117721
10111056
10260061
1000117743
1000117761
1000117782
10260087
189298
10111081
10260093
10260097
120436
633860
10111093
189313
633861
1000118001
1000118002
10111098
1000118004
877656
10111110
10111111
120452
10260136
53473
53474
10260144
633878
1000118121
773769
10111120
1000118141
773773
1000118163
10111130
10111131
10111132
189364
633893
120474
189369
10111141
189372
1000118191
10111144
10260192
10111148
1000118193
877705
705184
1000118196
53510
10260209
10260225
1000118201
10260302
773815
10260364
120507
1000118303
10260365
120509
10260366
633930
1000118323
705210
120514
773825
773827
53586
705215
120524
10111212
189420
120525
10260639
1000118381
10260640
10111221
53601
53602
120534
189430
705225
705226
633954
877781
1000118501
10260661
773841
120542
10260664
1000118541
189436
10260668
1000118604
10260674
1000118610
53624
633972
10260686
53626
1000118615
120560
633975
10260692
189450
877822
10260700
877826
877845
10260715
705260
773880
120583
10260732
1000118676
634007
189476
10260764
120595
189484
877896
189485
10260781
10111326
120605
705288
1000118801
120609
189492
1000118804
10260793
877921
120616
877926
10111348
1000118881
53688
10111349
10260804
189507
10260816
634053
705312
189515
120637
1000118982
10260830
10260831
53705
1000119021
1000119022
53709
10260836
120645
1000119042
878007
189526
878022
10260852
1000119082
705341
10260857
705346
1000119104
120660
189541
634084
120665
10260868
53732
773991
1000119202
10315558
10315556
1000355283
10178974
79181
1000355241
10315550
803513
1000355201
1000355182
10315524
1000355161
1000355125
1000355124
10045018
10178944
729454
10315500
803498
10315497
10045006
79158
10315496
10315495
10178927
1000355005
10315484
10315483
1000354981
1000354962
10315477
1000354961
582941
729436
1000354947
79140
10315469
1000354942
1000354922
10178903
1000354921
10044966
10178893
1000354882
10178884
1000354816
803388
10315425
803386
10315422
729416
1000354801
1000354790
10315405
10044931
10178854
10044917
661940
10315387
582900
10315386
661938
10044897
10315367
803361
582887
10315359
661925
10315357
1000354693
582881
10315346
79078
10178794
1000354671
79074
582872
10315325
10315299
145299
1000354646
1000354630
79062
10178778
145291
1000354585
145290
803331
10315255
10315244
803328
1000354582
10044819
661896
1000354568
1000354562
1000354549
10044808
582848
661887
79039
803306
1000354499
729340
1000354497
10044786
10315138
10315135
582832
10178713
803294
661872
803289
10315116
10315114
10315112
10315111
10315095
1000354336
729318
582795
661855
1000354298
10315076
1000354296
1000354255
1000354254
1000354227
1000354159
10315068
803258
1000354035
10314989
10314988
803252
10044711
10314976
661810
78978
582764
10044685
1000353782
10314785
10314784
1000353741
10314707
10314692
1000353703
803193
1000353702
10314671
1000353686
1000353684
10044639
1000353682
10044637
10044635
10178539
1000353675
10314654
1000353667
10314647
1000353665
10314640
10314634
1000353653
10178528
78914
10044610
661747
10314619
729206
78906
10314618
1000353625
78902
1000353622
10314609
10314592
803138
661729
1000353582
145112
10314552
582652
1000353562
582650
729177
10044542
661717
803071
1000353561
10314538
803068
10314537
1000353524
1000353523
1000353522
661698
582631
1000353503
10044513
10178437
10314479
582626
10178435
1000353486
1000353464
1000353463
10178401
10044476
10314378
661675
582606
10178387
1000353446
1000353445
10314359
661670
10314355
1000353429
582594
1000353426
10044458
729118
1000353423
78794
1000353409
10044448
10178346
145036
78792
1000353402
1000353385
10178323
661637
10314234
729098
1000353364
10314233
1000353363
10314230
582563
729088
10044397
10044394
1000353301
10044392
145001
78751
661595
661593
10044368
1000353103
661591
582537
10178210
10044361
1000353084
1000353064
10314133
1000353063
661574
78728
661571
1000353041
582515
10178182
10314041
1000353021
661563
10178159
10314039
1000353002
729040
582504
10178155
802910
1000352965
10044313
78659
582491
10313981
1000352942
1000352925
1000352924
661535
1000352903
10044278
729005
10044270
1000352883
1000352882
729000
1000352881
1000352862
802826
582415
802822
728954
10044257
78616
1000352825
582401
10044242
1000352806
1000352802
78589
1000352801
728936
78586
1000352784
10313883
10313882
661493
10044221
1000352753
10044215
1000352752
661488
10044214
10178062
10044213
1000352749
1000352747
1000352745
10313815
78565
582370
661477
78561
10178040
10178038
582363
10313806
1000352708
661469
144854
1000352707
10044172
10313799
1000352703
10313791
10044159
1000352688
10178017
1000352686
728844
661451
10178012
582338
728838
661444
144826
10313753
10177990
1000352623
802710
10044125
10313746
1000352621
728825
1000352581
1000352561
144808
728817
10313732
1000352525
1000352524
1000352522
10313728
10313696
802686
78484
1000352485
10313690
582282
78479
728796
10383822
661362
10383726
10313602
728782
10177910
10313597
10177908
802598
10383483
10044045
10383450
10177904
10313585
10383162
728766
10313574
10044004
10313563
78433
10313562
144735
10383049
582230
144732
10177860
10383028
728753
10382946
10313531
78424
10313526
10382901
10177850
582223
10382834
661305
78414
10177838
78409
10177832
582209
10313482
582204
728727
144701
10313462
661279
78392
10382448
10313447
10043899
10177729
10382016
802355
10313323
10381921
802348
78365
10313296
78364
10313286
10381742
10313266
10381670
10313251
10177691
10177690
10313199
10313192
661188
10313180
582132
10313179
10381414
10043801
144639
582129
144638
10313154
661176
802189
728654
10043779
10381238
728649
144579
10381061
144576
10177596
661157
728640
10177590
10380722
10177554
10380669
10312907
10312905
10380650
582087
661112
10380649
10380644
582080
10043666
582071
582067
10312726
10312708
10380530
10380475
661085
10312705
10380463
10312697
582052
10380420
10177503
801841
10177483
10312662
801836
582041
10312648
10043564
10312646
801794
10312645
10380352
10177463
10312622
801788
10043538
10177460
10312582
661051
10177455
10177453
10380269
144475
10312544
10177452
144474
10380262
661042
10177448
801770
10380231
10312485
10312483
144468
144466
10312468
801764
10380187
661010
10312441
10380152
728523
10312423
10312414
10312409
10380111
10177320
801743
78181
10312390
78176
10380091
728503
78175
10380089
144436
728500
581893
10043413
728498
728497
10380077
144428
10380073
10177009
801712
10380071
801711
10380066
10176996
660960
10312267
10380031
10312257
10176965
801694
801691
10176947
10380005
10176943
10043304
144390
10043297
10379995
801680
10176932
10379993
10312218
10379959
10176922
10312213
10043270
801573
10176910
10379946
10043251
660910
10312137
10379920
10043242
10379917
581815
10379911
581814
144355
144353
728400
801534
10379815
10379813
728391
10311882
10043194
10311850
10043192
10379808
660862
10043183
10311827
581786
10043182
10311823
10176806
10379788
581781
10379786
581779
10176801
10379781
144321
10176798
78000
10311770
10379754
728356
10379740
10176780
10379735
581757
10176778
728349
144302
10379728
660811
10176774
10043129
10311633
10043119
10379687
10043113
728331
660797
10311616
144281
10379570
10311609
10379568
10311608
10311607
10176737
10379557
660782
10043079
10311590
10379523
10311580
77923
10311574
10379506
10176713
10043050
10311561
660758
10176710
801398
581696
10311557
10379483
728281
10176705
660754
10379459
728279
10379455
10311549
728276
660748
801387
660746
10311542
660741
10379426
581657
10176657
801282
660732
10379393
10176653
10176652
10311519
10176651
10176650
660724
10042976
728242
10379304
10311506
10311505
10176635
10311504
10311500
10176627
10379280
10311494
728224
10042931
728216
10311484
10379262
10042920
10176605
728211
10379230
10311476
728210
10176597
581589
10311472
10311470
10379220
10311469
10311463
10176585
10176582
10379208
660666
10311458
728192
10379204
581569
660658
728186
10379191
660655
10176567
10379186
10176562
10379184
728174
10176552
728171
660644
10379152
10311437
10379147
10176536
10311426
10176535
77771
144113
77768
10379114
10311420
728154
144102
10379102
10311406
10311405
10176493
10311397
10311396
728101
10042802
144085
581508
10379074
77734
144082
10311383
77727
10379053
581494
10379045
581491
728043
581490
10311365
10311364
10378943
10176429
10378941
77710
800990
800989
10378931
581479
10176410
10311349
10311344
10176398
10378841
10311343
10042739
77693
728016
10378836
581464
144035
10378822
144032
10176382
10378813
10042710
144021
10378802
10311316
144017
581441
10176359
800954
10378792
10311292
10042691
77663
144009
10176349
660491
10042677
10378773
581428
727967
10378772
10311276
10042667
660479
10378737
800913
10042635
727948
10311216
10311205
800907
10378649
10311202
143971
10378642
10176291
10042604
800895
143967
10042600
727927
10042598
10311168
10378590
10176258
10311151
727920
660436
10042577
10176245
10378543
10042571
800863
143937
10378474
660412
10042535
727882
10176203
10378469
10311107
10176198
10042521
10311096
660398
10176177
10176175
10378413
10176168
10378402
10042482
10311051
10042481
10311050
10311043
10378386
10378380
10311029
10176148
581235
10042444
10310993
77528
77526
660352
10378359
581227
77516
10310952
77513
660340
10176096
77509
10378313
10042407
10310930
800690
10042395
800684
727796
10378291
143846
10378287
77495
10310901
581204
143842
10378283
800654
10378233
10378228
10310842
10176057
10310824
800646
10378201
77475
10176049
10378195
10378194
660277
77463
727760
10378137
581172
10176033
77456
800560
660266
10042313
581170
10176020
10310728
143804
800551
10378117
10310711
800548
660253
10310701
727740
10042282
143786
77437
10378079
143785
10175979
10175973
10042265
10175970
727727
10042262
727718
10310635
727717
581111
143766
77408
581101
581099
10378007
10042226
10175919
10377973
10175910
581090
727693
10175906
10310594
727691
77384
143743
10310589
143738
727685
10175879
581042
10310582
727680
10175878
143731
10377938
10175877
800474
10175862
10377930
10310568
10377925
727668
10175843
10175842
800453
10042133
10310551
10310550
77339
10377903
143693
143690
10377900
10377898
10175804
580966
10175803
10310532
10377894
10377888
660133
77318
10175785
580957
10377883
800405
77313
10377857
143667
580942
10310510
580936
10377816
10042008
10310500
143647
580918
660102
10310495
10041982
10377776
10310494
10175733
77278
800363
727523
10175717
10377738
10310482
143626
10175711
77256
10310467
10310463
10041883
800305
10377621
10377620
10377619
10310453
143583
727477
10377607
10175654
77229
10377604
10377596
10175643
10377595
727459
77213
580801
10310427
10041822
10377501
800270
143547
10310415
10310411
800258
659996
10377482
10310410
10041792
800255
10377475
800250
10041787
727414
10310398
727410
10377451
10175553
143517
659966
10377428
10310377
10377427
727386
727382
10310349
10175519
659951
10377408
580714
10377404
10310343
10175511
727368
143487
800100
10310334
800099
10041703
10310330
10310329
143471
10377343
10377342
10175491
727349
77097
10377335
727342
580686
10175459
143450
659908
727336
727335
659903
10175434
10377202
10310288
10175430
659895
727320
10310277
727318
10041629
10377138
10310265
143404
10377128
10310253
10310251
10310250
659866
727300
10310247
10377111
10041587
10377102
799938
10310237
10310235
10310234
10041571
580588
143379
10041563
10041562
727279
10310220
659842
727272
76983
799884
10376937
10041525
10310185
76965
143339
727250
727249
10310176
10376775
10376760
10376754
10310163
10310162
580537
143320
10175273
10376701
10376685
76934
10376659
10310144
799638
10310134
10376587
727178
10310129
143295
799598
10310122
10376536
10041428
580482
10310116
727164
143280
10376524
76899
10310107
799545
143271
10376504
10310102
10310096
10041381
580458
76870
10310091
10310089
570416
10310088
659663
10041358
659662
143218
570338
727122
10376399
727120
10310066
727116
10376393
10310063
570236
659636
10041315
10376371
10376370
799318
659627
799301
10175157
10376358
659623
799298
143140
799277
10310020
727077
727075
799266
547996
143113
10376281
799264
10041257
10376280
10310006
10310005
143106
547938
10310000
10376223
10309990
10309989
727026
10376211
10376210
10309978
10175071
10309968
143065
10040987
10309965
10309961
10175057
10040981
10309960
10175056
10309958
799120
143052
10175050
143051
10309948
10376046
799015
726958
143035
10040882
10376000
10309908
547759
659488
726952
798979
10175016
10375954
726945
10175010
547743
798969
10175006
10375940
10309869
10375939
10175002
659469
10375931
10375928
659461
10375924
547723
10375913
547719
76658
10040811
142917
10375878
10040800
10174970
10375875
10375873
726907
10309821
142905
10309820
76641
10040783
10309792
76636
10174951
10309770
10174947
10375794
10040757
547680
10174934
659414
659413
10174928
10309751
10375771
10309723
10174918
726864
10309704
10375715
10309687
10174909
10309685
76600
10309682
10375427
10174899
10174896
10309669
10309666
10375275
659378
10309663
10309655
659374
10174879
726833
659373
10174878
10174873
10040678
10174866
10309636
142801
10174859
10040648
10309623
142789
10375091
10040640
798576
10309613
10174820
142773
10309604
10174803
142772
798565
10174797
10040616
10174789
547512
10309585
10309581
659304
547504
10375024
10309572
547501
10309570
76514
798546
726769
10174760
10309559
10309558
10174754
547492
10309557
76503
798499
76500
76498
10309540
10174735
10374983
10174725
10174713
76488
76487
10309506
10374967
10309505
10374966
547458
10174672
10040535
76477
10040531
547453
76473
547452
10374927
659245
10174612
10374881
10309481
142695
10174594
76460
10040501
10309459
547433
547432
10174541
142677
10309437
659221
10374850
10374847
10309430
798279
10174445
10374845
726693
10174442
10374815
142658
10309406
76357
10309404
10174393
10309396
76352
142648
10374737
726677
10374731
10040432
10174362
10374715
10309374
726669
10040416
726665
10374684
10309369
798243
659178
10309366
10040406
10374673
10309365
76326
726655
10174332
10309351
10174313
798228
142595
10174302
10309336
10040379
10309334
10374610
76308
798219
10040371
659151
726638
10040369
10174284
10309316
10374593
10374587
10040358
798191
10040355
547338
76291
659136
10040346
76284
10174260
10309259
547312
76266
10174180
10174179
76259
10309149
10040093
547296
10309123
10174129
142512
10309108
10174116
142504
798003
10309087
10374436
10174082
10374433
10374428
10173991
10374425
547277
142493
10173981
76225
10309046
547269
10309036
726558
76215
10173805
10374397
797959
10309027
547260
547259
142470
10309008
10173704
76193
797877
10374375
10374371
142451
10374368
726527
10308966
10308965
10374365
10173536
10308950
10308947
797684
76166
10308946
547219
10173470
659016
726506
547212
10374325
726505
142419
10374240
797660
10173401
797657
10173380
797634
10039767
797630
10374217
10173369
10308896
10374212
797622
142379
10308888
10173349
10374136
10374135
658978
797580
10308872
10374077
10173326
10374075
10173307
658963
10173296
10308805
10173292
726456
726455
10039688
76091
547115
10308798
10308796
10308781
10173281
76083
726444
10308774
76077
10173266
10039648
547099
142273
797456
726435
10173256
547091
10308665
142262
10173243
10372794
76064
547085
10039619
658924
10308625
797439
547079
10173225
10039591
10372642
10308586
10039582
76042
10372621
10308570
10372603
10039565
10372597
10308548
658893
10173185
10039556
10173184
142207
10308532
10039534
658878
142200
10173161
10372553
547017
797281
10372548
10173149
797274
546987
10372535
10039492
10039490
658847
10039485
142160
10173125
546956
10039483
10372491
546953
10308477
10039470
10173109
10039469
10308472
75961
658835
10308471
10308470
10039462
10372472
10308462
10372471
142134
10173090
10372468
10173088
75944
10372463
10173080
142123
10173078
546919
10372407
10308426
726296
10173063
75918
10173060
10372385
797139
10308411
546900
10308406
726278
658777
10173034
658774
796976
10173033
10308396
796971
10372350
10308386
796962
10308373
10372325
10372324
10173007
10308369
658743
10039278
10172998
726235
10039266
658729
10308337
10172982
75844
10372197
10308333
10308332
10372192
658716
658715
658714
546828
10039223
10172969
10308316
10372156
10172968
10039218
658711
10308312
10372147
10308300
10308299
10372119
796862
796859
10372076
141982
10172948
10308242
141974
10172942
10308225
10039166
141967
726068
141966
141964
75775
10372026
10172917
726056
10172912
10308185
10039121
141949
10308176
546704
141946
141943
10308164
10371936
546681
658641
10308147
10308146
10371921
10039082
10371920
10172875
75728
10371909
10039077
141872
10172867
10308127
10039053
10371886
10172860
546576
75710
10371884
141860
10371883
10172854
10172852
546523
10371773
10039007
10371769
546501
10172841
10308101
75688
10371756
796386
10308096
141833
546478
10308087
10371692
10308082
75666
10371662
10038917
10371659
796364
10371653
10308062
10038882
10371652
10371600
10371591
10371590
10308043
10371574
10308035
796338
10038843
10172755
10308029
658540
725914
796238
796236
10308015
141746
658534
141745
10307999
796229
10172721
10307996
10307981
10172713
10371350
10371346
10307963
218458
10307948
141723
10307945
796204
10371293
10307933
10371282
10371280
218401
10172628
10307910
10307887
10371265
218324
658489
10172594
10371216
218296
10371214
10371212
10038743
658477
10307823
10172571
796123
75535
10307797
10307795
10307794
218221
10172540
10307790
218207
10172521
10371118
10307649
796106
10172498
725824
141629
10172493
658453
10307615
10307613
725820
796093
658438
10371050
725809
10371021
75463
141605
10371015
796078
10307378
141602
218144
75450
141600
10371006
10038668
796072
658425
10172345
725790
10038655
218130
10172326
10038652
10305942
218124
10370915
75423
10038648
10370909
725777
795895
10305844
795894
75416
795890
10370872
10305826
10172284
725764
10305824
10370866
141543
75403
795880
10370850
10305807
141535
10305805
141529
658374
10370823
218048
10305788
10172241
725742
10370749
10305782
10172232
75371
10038568
218027
10305749
10370733
10172194
10305747
141497
10305745
141495
10038543
10370710
10370709
795833
10172177
10305719
10305717
141488
795830
141487
10370704
725703
10172169
795823
725699
10370639
10305702
725694
10172140
795809
10305691
10370624
10038471
10172127
10370619
10370606
10305681
795798
10038456
10370604
10305678
10172112
658293
10305675
10305671
75284
141409
658281
217903
10370566
725651
217898
10305655
795771
75264
10305652
725640
10172041
217880
10370530
10172035
141383
10305636
10305634
10305633
10305632
10038378
10370509
10171988
10038366
725587
10171972
10305606
10370494
795600
10171948
10370485
10305596
795587
795584
10305572
10305559
10370469
217627
10171860
10370465
217622
10171819
10171802
217619
75185
10171781
10370417
725543
10171762
75180
10370413
10305483
795547
10370405
10038267
10038263
141298
217579
75159
10305435
75156
10171679
658146
75152
10305424
10171665
10305423
75145
10171644
217557
10038218
10370326
10171641
10038208
10370323
795472
10305390
10370311
217337
10171607
217333
75124
10370275
795458
10171591
658112
10305361
10370267
10171582
10038167
10038166
10305349
217294
10370252
795362
725457
10305335
217284
10171555
795353
10305320
10171544
725445
795346
10305316
10171538
10171535
10171534
658079
725437
10370202
10171528
10305302
141198
10370174
725431
10370173
10370169
10171516
10370164
658063
141180
10038080
658055
217241
10038069
10305265
75038
10370095
795306
10171487
10370093
10305260
658042
10370091
795302
10305249
10171479
10038002
10171478
795295
10171468
658022
10171465
75007
10305230
10171464
75003
141135
795280
141134
10370016
10305220
10305219
10171447
10305213
657999
217136
10370000
725356
657994
657988
10305199
10171417
217051
795249
10171401
10369967
725337
217049
10369966
10171399
74962
10171395
795238
10171381
74953
10037856
10305118
217026
10369880
10305110
141075
217013
10305100
141070
725307
10171293
217009
795208
10369838
10171255
657937
10369829
10305088
657934
10305087
10305086
10171238
657927
725287
10369812
216985
10369810
10305070
10369756
141024
10369752
10369751
10369750
10369748
10369745
10171064
10037741
725247
657888
10369666
10037724
657879
216929
10170989
10304994
216923
10037704
10170983
657867
10304988
10170967
140892
10037687
10369600
725208
10170964
10369560
10369559
10304957
10170953
10304956
74809
10369553
10369550
10304943
10037651
657820
10170937
10369516
795080
10304933
10037642
10304932
795073
10304919
795069
10304915
10170921
10037626
10304904
10304899
74775
74774
10369438
10369429
10304885
10369427
10037502
657761
10369397
657755
10170874
10369374
216821
725133
74747
795001
10304864
74739
794993
10304855
10037450
10037446
216810
10170854
10304848
10304847
10369345
74724
10304827
10369280
794970
10037414
74714
10304813
10170830
10304811
216788
10369266
216785
10304807
10304796
10170817
10304788
725090
140767
10037380
10304785
10304776
657676
74685
10369231
10037369
10304773
794942
140757
10304768
725077
794936
725075
10304755
725073
657633
10037351
140747
10304750
10170779
794929
10304747
216751
10369206
794924
10304744
10170769
657622
10369196
10304721
74655
10170761
10369191
10369186
10037320
10304706
10304704
10170741
10170740
10304675
10304669
725032
794895
140719
10304667
10170728
140715
10369104
10037291
140712
10170717
10037288
10304642
10170714
140707
657580
216704
10304623
10170700
10304611
10369020
725002
140686
10170639
10369004
794822
10304584
74594
10368990
794816
724988
10304571
140671
74584
10170601
10170598
10368953
657543
74578
10368951
724976
10304543
74574
724973
10170504
10037168
724970
74566
10170483
10170451
10304529
10170450
794782
10368907
10368906
140625
10368902
794775
657509
216560
724940
10304490
216548
10170361
10304483
10037074
10170338
216539
794746
10368853
10304468
10037068
10170265
10170261
10304465
10304463
657455
10304451
10368795
10170222
140577
74499
724908
216512
74494
10368760
10036943
216503
10304409
10304407
140557
10304396
74473
10368733
10304392
10170126
10368731
10368727
10036905
794694
10304382
724874
216481
10304380
10368700
657404
10368692
10036882
10304372
10170082
216463
140517
74443
794638
10304349
794637
216455
794635
794632
10368651
74434
216450
10170036
10304337
10036804
10368640
140501
10304334
657368
10170018
74424
10304329
10368620
10304321
216430
724822
10304317
216427
10304315
10368607
10170002
794602
10169994
794600
10304293
10169988
10368550
10304287
657316
10169981
10368541
10036743
10036742
794585
10169978
140459
140456
10368531
10304243
216396
10169962
10368481
10036729
10368472
10304210
140439
10304202
10304200
10169939
10304194
10169933
657199
794545
657188
10304175
10368436
10036679
657184
10304166
657181
794532
724732
74335
794524
10368407
10304125
724711
10368374
10036635
657137
10169871
10368363
657125
724696
10368353
794490
10304045
657118
10368348
74287
10304030
657111
10304015
794458
10304005
216037
10368238
216033
10368230
10169837
10368229
10303978
724672
10303976
10303975
216027
794442
10169812
74256
10368193
657083
10368191
657081
657079
10036561
140292
10036554
10368080
10169767
216002
10368077
10303903
140279
10169761
10303902
794408
724628
140248
657054
794403
10303870
10036516
10367926
74214
10367924
74210
657040
10367869
140229
10303843
10303829
10169666
74198
10036460
10303807
10036447
10169615
10303792
794363
10367665
74175
10303788
215912
10303787
10367651
10169597
724535
10303781
724533
656999
724530
10169582
10303775
10367621
10303771
10303770
10303769
10036361
140084
10367574
10169565
794335
10036357
10169564
10036351
10367567
724509
10303752
10036342
10036340
10169548
656953
10169537
10367546
10303746
10169535
10367491
656945
10303737
10036303
10169510
74110
215813
10169497
10036292
215810
10169496
74106
10367449
724472
10367442
139942
10169469
139941
10303693
139940
10169468
10367422
10367421
10303688
724451
74074
656855
139904
656854
10367412
139902
10169425
724443
10367403
10169419
10303668
10367399
10303662
139885
10169408
10036083
794186
10367375
656813
74049
139857
10169391
10303643
10367369
656805
10367367
139848
10169374
656800
10035962
656798
724405
10303568
10303542
10035865
794150
10169349
10303522
10169330
10035782
10169314
656760
724369
10367291
794127
10367287
656754
724363
724360
10367233
10367228
215677
139772
10169282
656734
10367194
724342
215612
139767
10169272
215604
10169264
724306
10303388
656718
794016
215600
10035699
73960
10303383
10169253
10303378
10367167
73955
10367165
215594
215592
10303360
10035661
139737
793997
10303348
793991
656689
656686
724256
656685
10367126
793981
10168929
10367099
724237
10367098
10168895
10168894
793961
10035600
793960
724216
656650
10303300
10303299
724206
10168856
10367048
656632
10035529
10303248
10303247
10168781
724189
139640
10303237
793910
10035512
215515
10366939
10366933
10303191
215507
10303188
139624
10366926
10366925
724160
656585
10035468
793882
10035462
139586
793878
724148
10303156
10303152
10168487
10168484
10303148
10168476
10168475
10035420
656557
10366831
10303129
656552
10303127
10035398
215462
139536
724114
10303115
656539
10168448
656538
215450
215445
10366702
215436
10366692
656518
10303055
793740
10168424
724065
10366642
10303052
793735
793730
10168414
10366624
10035290
10035286
10168407
10302989
656493
10366587
10302986
793715
73735
10168393
10035265
10366567
793703
10168380
10366515
10366509
10302857
724018
10168363
10366503
10168361
10302853
139432
10366496
724011
10168352
10168344
10302831
10366481
723998
10366478
656439
793668
10168331
656435
10302799
139407
793662
10168321
10366463
10302772
10366441
656426
10302764
73663
793646
10035145
139386
10035137
10366423
10302743
793636
139383
10366391
10366386
10366385
10366382
10302711
10366366
10302693
793559
656357
723940
10035069
215084
10302678
10366330
139352
10168235
10366325
10168234
723927
10168230
215073
793537
10302657
10168212
139340
10168194
10366295
10168161
656297
793519
10302611
10302610
10168149
10366267
10366264
10366256
10302584
656268
139304
10366254
139301
10366244
656260
10366242
10302574
10302570
73559
10366237
10034934
793477
10366233
10168033
10366229
73547
10302563
723863
10366224
656235
139281
139280
10302556
10168022
10302553
139272
656225
10366200
793454
656222
10366197
10034889
139262
10034888
10034887
10302535
10366186
214965
10167987
10034871
656207
10366121
10302524
73507
793385
139242
10302521
73505
10167973
793306
10366109
10034845
723800
656194
723798
10366073
10167951
656188
10167948
793291
10167946
10366061
793286
10167901
10034815
10167899
10302488
10366018
10302476
139187
10034801
10302474
793260
10034798
139183
139182
10034796
139180
73462
10365885
793256
10034793
793255
656157
10365879
214906
10302448
10365868
10167806
723714
10167801
10365858
10167800
793236
10365838
723699
10365833
10167763
10302374
10167759
10302362
10365708
10302360
10034693
10167747
723670
10365682
10167744
10302346
139118
10365654
10034677
10365647
793185
139110
10365631
10365630
214837
656074
214836
10365618
10302314
10365612
656067
10302310
793162
10302307
139089
10365591
656059
10302300
10034625
10365575
793150
793149
10302289
656045
10034611
214809
10167636
723615
10365550
10034608
656041
139068
10034605
10365515
10365512
10167619
10365481
10167609
139052
10302237
10365465
139040
10302216
10365450
10167596
656001
10167582
73280
10167581
10365428
10365426
10167572
10365371
10365364
10365343
793020
723530
10365340
793019
10365339
10302188
723526
655963
10302176
10365275
793005
10167512
10365272
10034469
655953
723507
792996
138982
10302154
723497
10365242
10034442
655934
723488
10365225
10167416
10365194
10302082
10034412
10167354
10034411
10365155
73157
138936
10365136
10302049
10302048
10365120
723438
10302045
10302043
138919
723434
655875
10167292
10365075
10167290
10365072
655868
10302030
723425
10365060
10365059
723416
138899
10365042
10365040
73097
10365038
792893
10365035
73083
10034310
10167027
10302006
10167014
792876
73070
10167006
10301970
73065
10364992
10301968
655822
10301966
723381
10301962
10364973
10301954
73042
10166979
10166978
214542
73035
10364959
10364953
723358
655795
10301934
792815
10166948
792807
10301920
10166945
73011
10301917
10301904
214506
10166931
10364877
10364875
10364874
10034191
10364873
792786
10166919
72985
655765
10301875
10364868
10034181
10301873
214441
10364831
10166889
138789
10364817
792758
10301845
10166881
792751
655726
10364803
10301817
10364800
723277
72934
792689
10034098
723267
655707
792682
10166843
138749
72911
138743
10034073
10301716
10364755
792668
214264
10301715
10301697
10301663
10364720
10301604
792646
10301586
10166470
10166469
792638
10364659
10301574
10166461
138705
10364653
214218
10166458
10166457
10364650
655649
138700
10166439
655648
10364640
10166436
138695
10364637
214201
792619
10364626
10033977
10033973
10364617
10033960
792606
10301506
655624
214180
10364602
10301493
10301491
10033940
214134
214132
72816
792569
138660
655610
10166262
138652
10364564
10301469
723161
10364537
792551
10301466
10166162
10301464
10301462
10364519
10301457
72777
10364505
10166067
10033842
72771
214085
723125
10301437
10166024
792494
214076
10033792
723112
792481
10033786
10033783
72735
214060
138583
10301415
138580
10033770
10165882
138579
214053
138575
10301409
10301407
10033759
10301403
10033752
10033722
10301396
10301395
138557
10301391
10364383
10301384
10364369
10033692
138540
10301376
10033688
655489
10364350
10301370
10165667
10364337
10301367
655474
10301362
10364317
723031
792371
10301360
10033619
723030
10033617
10033616
10301352
10033612
792362
10364275
10301345
792354
72652
10033600
213933
10301334
10364218
722998
10301323
10364214
72635
138471
10301317
10364209
10033550
213887
10364155
10364153
138461
10033533
10364132
138451
792310
213851
10364086
10165557
213843
655357
10301276
655356
138437
10364067
10301264
10364066
792293
10364062
655343
10033470
792288
10165473
10364007
10301225
10364002
655302
138403
10165437
213785
138399
10301198
72550
138397
655269
10363939
10301179
213771
10363930
10301173
10165418
72536
792239
10033383
722882
792236
213760
10165411
10301147
10165361
10301137
72527
655208
213755
10033367
792223
10363872
213749
10301109
10033346
655190
10363842
138330
10033334
138328
10301088
10033327
10301083
10033324
10363798
213727
72495
10363797
72493
10301077
10363787
722840
655171
10363782
655170
10301065
10033309
10363760
10363756
792177
10165304
213705
10033297
10363749
213702
10301046
10363742
72464
10301039
655153
10363735
655152
72460
10301026
10165284
10033278
655146
10165275
10301008
72447
213660
722801
792095
655134
138263
213653
10033227
655125
10363670
10033225
10363669
10300972
10363668
10033221
10165212
10300968
722784
10300966
10165205
72422
10165204
10300949
10033208
10300948
722770
792060
10363636
10033186
213622
792056
213621
10363631
213617
138211
10033159
213611
10363604
792041
213605
10300889
10165023
10300887
10165020
10300885
10033130
10300875
72374
10363552
792022
10363550
10033098
722713
10164986
10363546
10300831
10363545
10363542
10300825
655052
722701
138157
10300805
10363507
655045
10033062
722697
10033060
10300793
72343
10363466
10033054
10363458
10300724
722678
10300703
10164714
10363440
10300651
10033032
213504
72319
10164705
10300646
655018
10300645
10164699
10363422
72311
72309
722661
10363419
654996
10363416
72305
791958
10164601
10300604
10300602
138098
10300594
72290
791910
10363370
10363369
10363366
10300575
654883
791904
10363363
10363360
10300559
791899
213452
10363356
10300519
10300518
213443
10363343
10032948
10032947
791881
654840
10363334
10363329
10363321
10300482
10164485
10363319
213427
10164483
654823
10300400
10363300
10032920
10032919
10164375
10300396
10300388
10363273
722582
10300328
722579
10363269
654801
213393
10363266
10164348
10164347
654790
791832
72204
10299859
10164339
10164334
10164333
654775
213370
10362816
10032853
10362622
791791
10362567
10362564
10032835
654743
72170
10298993
10362545
10032816
10164302
10298673
72160
10298663
72159
10362485
137955
10362481
10298565
10164295
10032787
137950
10298367
791753
10032765
10298250
654667
10032753
10362448
654658
10298235
722474
10032733
654655
137920
10298226
10362415
10032714
10164248
722459
10032698
10298205
213284
10164236
722453
72104
137894
72098
722442
10362357
10032639
654612
10362351
137879
10298154
10362348
213253
10164191
10298138
10032615
10032614
10362338
10298135
654596
10362335
72074
10362330
213239
10298120
10362327
10298119
10164160
10362270
10032585
72057
10362264
654578
10362257
10298100
137840
10362245
10164085
10298040
10032535
10298034
10298032
10362230
10298029
213163
213161
10298024
137819
10298023
10362194
10032493
213150
10032492
10032490
10298010
654515
10297983
10164003
137797
10362162
10297962
10362130
10297949
791594
10297945
791593
71989
137785
10163922
10297934
10163912
137782
10297924
213106
10163906
71978
10163903
10163900
10297874
791529
71963
213087
10163892
137765
10362096
213082
654477
791520
10032374
213079
10362088
10297862
10163838
791518
10297833
71935
10163761
71933
722255
213007
791496
791493
10362006
213001
10297790
10297789
654447
10361992
791483
10032264
722239
654441
791476
137713
137711
10361969
10297754
10163206
10361961
10297753
10361954
10163195
10361950
10032197
10297739
791459
212902
10361877
10163164
71876
10297718
654408
10297715
10361839
722202
10162869
10297699
10361828
10297697
10162867
10297695
791427
137654
10361819
10032062
654384
212849
10297677
10361818
212845
10361803
791412
10032025
10162826
10361785
212823
10361782
654350
137632
71824
791396
10297570
722159
10162762
10361762
10361761
722155
10361757
10297562
791384
10031963
71805
212792
10361746
212789
10031933
10162616
10031923
791316
10031922
212776
10162590
791308
10361705
10297527
654302
10361675
10297524
10361672
10297523
10361668
10297514
10162549
10297513
10361592
212752
10361591
791287
10297504
10031840
654281
71754
10297494
10162462
10162461
10297491
10297485
212734
654264
212733
654260
10297478
10297473
10162372
10297468
10361482
137533
212716
722075
71718
10162306
10297458
212708
791238
10297457
10162292
10162290
10361447
722056
10297449
71707
10361419
10031735
10361403
10297438
10031721
10361396
791215
654210
71659
10361359
721996
10031692
10361357
10297422
791201
791200
10361349
10361342
137464
10162154
71604
10031654
10361322
10162153
10297262
71603
721977
791182
10361306
212632
10162139
654138
791172
721967
10031619
10361285
10297241
791164
10361284
71584
10361282
10031609
654096
10297225
791158
10297209
791152
791144
10297183
212600
10361244
10297156
71556
10161906
10031557
10297155
10361230
721927
10297149
71541
791091
10031529
791083
212558
10361078
10361077
10297104
10161687
721906
10031508
10297069
10297067
791069
212543
10297063
10361021
10361019
10297055
10297054
10031463
71496
10297044
10360997
10297023
10297021
10297018
10360968
791047
10031444
10297013
10031443
212512
10360957
71477
10360956
653994
653993
10161504
10360945
10031425
791025
653985
10161493
10296968
10161482
10360926
137259
791011
10031384
10161339
212448
10360913
137241
10360909
137231
71433
721818
10360881
10296933
10161278
653948
790990
212428
790989
10161267
212424
10161250
10161244
10031302
10296891
10360846
10161233
137186
71403
10296880
10360841
10296877
10161105
10161103
10031268
137174
790927
10031254
10360809
10031241
137164
10360805
790915
10296771
10360734
10360729
10296745
10031201
10160932
10160929
10296706
10160926
653759
10360634
10296668
10296666
10160791
721730
137107
10360563
10296651
10296648
10360515
10296617
10160758
10031112
10296615
10360497
137077
71243
10296613
10296611
653676
10296609
653667
10296608
10031105
10031103
10360462
10160648
10360457
10296581
71217
137047
790811
10296540
653638
10296522
10360418
653637
10296521
10296518
10031052
212217
10031051
790798
212199
10160618
10031040
10296498
10360385
721647
653616
10296459
10360361
10296452
721631
10360352
136999
10031011
10031010
10360345
721620
10360321
790762
10296433
721619
10360318
10296432
10030993
721616
10160568
136983
10160563
10296415
136972
211577
10030968
10296408
10360266
71134
10360255
211561
71128
10360252
10360251
10296387
10296386
10296374
71111
721568
10296365
10360097
721567
211504
10296353
10360096
71095
790694
10296351
71093
10296349
211499
71090
10160018
10296346
10030791
211490
10296334
10159997
10296329
211480
653455
653454
10296317
136881
790661
136879
10296297
10030743
10359949
10359946
10359910
10296288
10359903
790647
10296279
10159951
653429
10359866
10296274
653423
10030704
653421
136842
71034
10296260
10359842
10296253
10159763
71024
790590
211420
721468
10359787
653402
721466
211410
10359754
10030638
10359751
136746
653385
10359739
70999
653380
10359736
10296153
10159726
721443
10296145
10296116
211347
10359720
136719
790551
136714
211342
70976
10359707
10296086
10030556
790543
10296070
70970
10030545
653313
10359645
721414
136692
10030536
136691
721408
10159408
10296032
653297
10159402
10296025
10159228
10359594
211304
10359580
211298
10359579
10030492
10359578
10296009
10359573
10159164
653261
10359570
653257
790489
10158951
10359562
10295998
653251
790480
10158944
211275
10030449
10359536
10359533
10359531
10158935
136629
10030440
10158930
10030432
10359417
10295972
10158919
10030421
10295966
10359378
10359373
790440
10158887
211242
10295955
10295953
10359351
653194
790395
10295945
10359338
10295943
653182
10030359
10158638
10359326
653178
10359321
10158626
10295916
10359311
10359301
211206
653166
70834
790366
10359284
790362
10295904
653155
653152
10158561
10158350
10295897
653146
721270
10295893
10158323
10359229
10359228
10359224
211162
10158235
70805
136524
653132
10030274
10359183
10295843
653122
211144
10359171
70785
10295842
10295824
10359163
10158072
790316
211131
653105
10158055
136496
10158051
653101
721224
10295810
136483
653091
10295798
10295797
10359046
10295795
653082
10295789
10359032
211095
653073
10295772
10359026
10157882
10359025
10359000
10295767
70723
653058
10157857
10358973
10157759
10030115
10295675
653039
10358959
10157731
653032
790189
10295663
70688
10295657
10157726
653027
70683
10295651
790180
136389
10358922
10295648
10030054
653016
10358907
10295638
721135
10295634
790151
10157597
10295623
10358880
136354
790139
652981
10358839
652960
10157382
10295552
10358831
10358830
652938
790107
790105
652920
10295504
10157327
10295502
790095
10358792
10295498
210879
210875
136315
10358783
790084
210871
10295488
10295481
721062
210861
10295479
210857
10295478
790063
70571
10295473
10157266
210850
10295472
10029791
136290
10358754
10295463
652848
10358750
10295460
721034
10358744
10358738
70541
210823
790030
652831
10157072
10295444
789963
10358719
10029754
136232
210794
10295432
210791
10358705
10295431
10295428
10358699
10358698
720997
789942
210781
70506
10295415
210774
10295412
720986
652785
10295408
10358681
10295401
10156985
789921
10358673
210760
136196
10156782
720972
720971
10295389
720969
136187
10295387
136185
10295381
10156762
10358629
10156743
652755
10156724
720953
10295366
70460
720951
10295364
10295363
10156707
70454
10358554
10029636
10295348
210722
136147
10358542
720935
10156690
10295344
10295340
652730
70436
10029610
10358528
10295337
789855
70433
136126
70425
789846
10358508
10358502
10295312
10295311
10029561
10358409
10358408
136096
10358401
10156407
720880
720878
789813
10295259
136085
10295223
210623
10358368
10295202
10295192
10156350
10295184
10358357
789790
10358356
652590
10029465
10156206
10358320
210597
652581
10358309
652580
10156186
10358300
789698
652567
10295098
136020
10155989
789690
10358284
10155988
720807
789685
10358280
10029392
10358274
652551
10155984
70301
10155977
720799
10029374
10358270
10295056
10029369
10155974
10295055
10295052
210539
70288
135989
652532
135988
789658
10295031
10358191
652527
10029344
10155921
70268
10358113
10155896
70267
720762
210500
10155888
10155839
10358040
210492
720736
10358034
70252
10358032
789616
652489
10294931
10294930
210480
10357954
652479
720717
652477
10357743
1000352463
10029220
1000352441
10294868
70215
1000352421
1000352382
10294863
10155603
1000352381
1000352365
720695
652458
210304
1000352350
652456
10155587
10294811
10029170
10294808
652452
135904
1000352303
10294790
10155568
1000352288
10294787
652436
10294785
210266
135884
652430
1000352282
1000352271
10155404
10294770
135872
1000352267
210242
789465
10029119
10294751
135858
10294729
1000352241
10155344
210205
135854
1000352240
10294725
10029086
1000352238
652403
10294715
10155308
10155307
789429
10029062
70112
1000352226
10294676
1000352224
1000352214
720597
1000352212
10029032
1000352210
10155105
10155104
1000352207
652355
70051
10029010
652352
1000352182
70044
720580
1000352172
135802
1000352167
10294534
1000352163
210108
1000352161
720564
10294523
1000352141
10028965
10155060
10294522
10028962
789371
1000352133
210097
10294506
1000352129
10028883
1000352126
1000352125
10154989
135763
70003
10294499
1000352124
1000352120
789349
69995
10294480
1000352112
10154951
789339
652268
1000352110
10154948
10294465
1000352106
789330
652258
1000352102
10028785
1000352097
10154914
135733
652247
10294443
1000352090
10028767
10294438
135723
135722
1000352078
135714
789157
1000352071
10154846
652225
10294412
652224
135705
1000352063
1000352062
10294397
10294395
10028695
720453
10294385
1000352047
69926
789101
1000352044
10028687
1000352043
10294372
1000352031
209989
10028680
720435
209982
10028674
10294341
10294330
135649
1000352008
135648
789069
69892
1000352005
10294318
789055
10294303
1000351995
69878
1000351993
10294297
789050
1000351992
10154442
10294294
209947
10154400
10294292
720394
1000351987
720391
652148
135617
1000351963
209929
10028598
135609
135607
10294252
1000351949
788999
69837
788996
10294226
1000351936
788994
652101
10154227
788992
652099
720356
788988
10294180
10028553
1000351926
10294175
1000351923
1000351922
69821
10294173
1000351921
69819
10294171
788906
209800
1000351914
1000351913
135545
10294139
10028522
1000351908
10294127
69804
10294124
10154123
10294123
10294120
69798
10153990
209725
1000351897
788878
720304
10153988
652056
1000351893
1000351891
69784
1000351888
788868
209697
10294077
652046
135510
1000351884
10294074
10294071
10153943
209680
1000351864
69774
652036
1000351863
1000351862
69770
10294062
135497
10294052
69766
1000351851
652019
788844
10294045
652012
1000351846
1000351845
69756
788838
135482
1000354583
1000354520
1000336384
1000335063
1000334304
1000332881
1000329401
1000309923
1000299683
1000294754
1000282404
1000280701
1000278941
1000208883
1000195451
1000178125
1000175191
1000168224
1000167901
1000165282
1000155771
1000155182
1000147303
1000146803
1000132124
1000125569
1000123965
1000121844
1000121761
1000118182
1000117009
1000116702
1000114706
1000114166
1000110084
1000107593
1000104643
1000103661
1000102631
1000102602
1000102295
1000102193
1000101918
1000101893
1000101662
1000100831
1000099547
1000097462
1000097401
1000097156
1000094685
1000094142
1000092977
1000092648
1000092101
1000091121
1000090823
1000090025
1000089904
1000088881
1000086792
1000086749
1000086442
1000086342
1000086237
1000086084
1000085162
1000085082
1000084984
1000084824
1000084001
1000083421
1000083283
1000081881
1000081681
1000081185
1000080704
1000079924
1000079866
1000079428
1000079357
1000079284
1000078145
1000077352
1000076645
1000075344
1000074823
1000014746
1000013705
1000012603
1000009901
1000009661
1000009441
1000009402
1000008983
1000008533
1000008082
1000005554
1000004765
1000004668
1000004661
1000004647
1000004254
1000003741
1000003571
1000003570
1000003382
1000003219
1000003218
1000002826
1000002701
1000002571
1000002567
1000002270
1000002019
1000001627
1000001509
1000001491
1000001485
1000001351
1000000928
1000000829
1000000763
1000000742
1000000715
1000000446
1000000158
10326765
10314911
10287665
10278995
10273932
10261907
10256700
10254152
10236440
118251
102936
98147
87769
81079
70932
70510
69371
68266
62116
15037
16341
19258
20755
24299
30806
35031
35478
37458
39219
40310
42809
43023
46438
51819
53449
54515
57177
10317240
665249
808397
10187997
10188823
85072
10333294
19218
152292
20739
21029
10059709
10339186
10061260
10340858
740337
10199544
23130
10064356
156649
10208066
825285
1000000488
1000000492
1000000921
1000001163
1000001389
30284
1000001595
1000001638
1000001759
1000001782
1000001825
1000002062
1000002586
1000002687
1000003201
835061
835180
1000003448
1000003533
683167
1000004385
1000004549
10221859
1000006984
166535
839983
1000010181
35324
686038
1000013972
1000015463
10226814
1000015741
1000015761
1000016162
1000016326
1000016826
844411
1000040122
1000062142
10084395
845359
612286
170413
1000073921
1000076462
1000077048
10232704
1000078242
1000080006
1000080881
691366
174090
1000083766
1000083884
1000084141
1000084228
10090587
175123
1000085027
1000085868
1000086162
1000086225
1000087330
109386
1000087921
763231
1000088805
1000088961
10093848
763688
10094111
764022
1000090142
1000090461
1000091721
10243705
10243732
1000092208
1000092586
1000093105
765827
1000094028
181258
1000095543
697724
1000097079
1000098706
1000101263
700393
1000101562
1000101821
628903
701078
185645
117815
631415
703279
1000110642
1000113002
1000114761
633136
1000118922
145384
729421
1000353601
1000352822
582335
661355
10382832
144509
580508
143294
10376062
798288
726647
10039578
10172272
10370466
10370021
10304892
215959
793876
71219
10296499
721420
10158629
70605
10295377
1000351961
1000351934
1000351887
1000351703
1000351662
10291954
1000348061
650679
1000347842
1000346966
206777
1000343902
1000336885
1000336853
10286625
1000334383
1000334325
10139949
889623
714533
1000332164
202038
10138996
889078
10138259
1000331237
1000331104
1000331103
888825
129134
129021
10282450
644889
780650
10135928
1000313923
643081
10279199
126228
1000300470
59323
1000299902
1000271670
1000221762
48666
1000100295
1000090388
1000100946
589652
147178
1000092802
658701
1000082470
168198
1000087025
821932
690348
88839
1000002403
10369878
1000092112
828144
1000003044
1000001971
1000084055
10349103
1000091266
1000091256
1000074984
10219211
10339910
1000090906
10295636
10066809
139348
685567
870989
1000002833
10319626
584230
17039
10345073
681497
1000094461
10318516
10252883
1000006809
10210175
1000355021
752168
86385
744975
10111187
1000001652
1000072665
811485
1000351983
10370306
47925
682040
672952
1000102731
652421
1000002596
1000097203
825482
1000072303
1000074527
10075479
1000040105
1000001507
10213158
10338353
1000092534
10305659
10311450
10314540
1000354334
1000111501
1000106865
1000102384
37160
1000002392
140415
604793
667766
1000102785
10230419
1000003363
10096010
668604
41424
1000091870
606078
1000004082
1000004381
1000001414
1000013984
14391
10071115
1000014286
10296033
654200
10181475
